549
904
357
1200
4626
3116
3308
2096
2214
3236
615
3759
3850
3336
3300
308
57
971
760
2563
1244
1439
1770
3843
1217
4225
4870
4499
3988
634
169
4700
3056
414
3890
15
3840
2193
2979
2437
584
798
3032
4251
4348
4758
3355
2929
3728
4850
1042
3724
469
1652
3029
3387
3077
3654
3806
4082
1622
192
3958
3450
1160
3235
1328
4589
2764
4696
4537
3261
3
2874
3510
3849
3227
3212
2097
4566
1165
2648
1444
3292
2978
2832
916
2650
3011
2963
2353
3980
4259
2774
636
2620
4469
360
2895
305
3384
4334
711
3590
3734
4578
3023
1353
4145
3467
1251
1054
4899
492
4433
3637
2604
4217
265
2207
889
2442
4638
4878
312
776
4008
1267
4088
4471
3864
591
2032
4519
4065
2638
1401
2596
573
2915
3356
862
3730
815
2529
3638
3014
1936
1848
3828
3234
3998
4697
101
3190
2590
2428
4596
1491
4703
976
2395
1835
3505
4602
3789
922
3504
3617
974
1255
4199
2345
48
2853
3135
326
3487
2392
574
4782
2583
4482
1210
3461
1373
1182
3146
3480
2974
3898
2967
4686
3977
3833
1608
2957
4833
2690
970
1356
4660
894
1990
2602
3698
791
3402
1463
1431
256
3966
462
4315
3063
2254
1445
4048
3485
3199
1347
2151
404
4523
3599
1051
4375
4635
1951
3541
3124
474
4410
4848
4533
4325
580
2410
3352
3675
2451
3612
2306
4108
4063
4160
3338
677
4480
1134
3108
3666
4819
2422
354
2258
4357
4432
4001
3883
2484
3606
3185
4007
221
1478
4426
3434
3417
1147
3814
628
745
445
3176
2902
496
4352
2736
2597
3348
2899
4355
2907
4093
1170
1977
489
422
1468
4151
3766
4698
1467
3242
1840
1143
511
1660
4267
2827
3738
111
2338
4034
203
1972
2845
4871
4876
3511
2493
4671
2403
456
1523
130
250
903
1886
2798
1458
1292
2739
271
3899
3804
2510
2797
1753
645
2565
1986
255
833
3929
1381
2661
5
2868
3634
3329
165
4563
3742
1786
1703
2865
2788
2965
917
2716
2946
4597
3325
4245
3100
3961
4759
314
2128
1762
2815
3250
1857
1784
4437
870
1225
4014
4839
3551
3256
1173
2524
4067
2419
144
3189
4573
4324
3817
1554
2088
3767
796
3839
4778
3503
734
4369
2840
484
148
425
4405
2003
4724
355
3729
4765
4309
2136
1980
508
3506
1357
3968
1527
1672
1533
3809
4898
611
4384
1406
384
718
2921
277
2851
491
666
85
3816
124
2731
4341
2143
3494
808
4119
303
3041
1454
3871
11
3867
3033
4126
2912
830
3670
398
1654
241
1226
4718
1819
2458
134
465
3288
629
2416
1543
4688
300
3741
540
4896
845
4211
3972
3158
2831
3432
3539
3661
123
1090
4769
4396
1099
1910
4361
226
2304
4134
2231
2305
1322
71
2622
3995
87
1189
186
4201
1271
4594
1492
3792
688
2773
4865
4400
2866
3917
1162
1361
3469
552
2701
3536
3699
3948
471
717
4280
1343
2134
4099
387
4505
2181
579
2174
3216
3007
3645
443
3465
2212
4022
4874
4288
778
1013
2836
802
3093
2221
90
3579
4247
2007
259
1945
1273
3970
36
4030
4335
1426
653
1512
4081
2464
118
3799
2370
298
2609
390
4690
4373
3706
403
803
2241
2900
2283
1232
3853
2877
2237
2745
2615
3027
3946
2034
4403
1229
533
201
313
54
2822
2933
59
3947
4756
43
1091
3446
1302
2964
4453
3646
2850
602
4237
3866
4760
3035
3765
1407
1731
122
3715
1080
2843
1939
4204
1220
3313
2577
1151
2796
4150
4862
2077
2110
4666
1656
1760
2376
3092
3195
334
3072
4016
3098
3985
2506
4183
386
4705
3754
751
3367
996
4777
4509
3882
1596
3022
4337
3857
1806
405
45
380
234
2783
258
74
1772
1604
1451
4144
790
3198
1858
4495
327
968
4327
3596
3289
2643
792
3294
679
1438
936
2499
197
4239
964
2363
2153
3695
3287
322
4477
3399
1041
2008
365
539
3740
1661
1667
261
4455
794
3438
4614
4879
1946
3286
3846
583
3837
3095
2021
2056
4774
3281
1659
2940
1864
3896
270
4380
1065
4212
2364
4141
4680
3916
4798
2439
4648
1475
1571
4779
589
2803
2248
2657
861
1156
3959
4420
4338
1580
2299
81
4019
4884
925
2148
505
375
3523
2780
4618
2893
2682
1008
3703
1901
1240
1316
132
3872
4694
2942
1334
2996
1257
3404
3021
4147
1715
2950
3915
1517
1087
2625
1695
1558
2397
1174
1542
4387
3526
3490
3177
768
1332
3428
2251
1705
2446
3589
3825
4286
4588
4423
4699
2842
997
4636
3220
1300
382
1030
2246
773
4114
4502
630
1818
1183
4785
1697
1106
748
4863
2566
3101
2426
3707
4356
1050
1052
1531
694
2472
1737
3886
3973
368
708
724
3066
664
161
2435
2576
4673
2335
3253
1496
2869
3364
637
47
1516
2677
3876
3836
3453
4534
3566
2792
4200
3143
154
3062
4291
1893
4513
120
982
3123
400
4284
2896
2728
2010
3892
3895
4748
3024
4511
2374
2167
995
1996
4208
858
4547
3207
1470
4243
2720
3776
1136
394
374
1037
213
3327
4816
3322
163
3921
1476
2862
1243
2734
2905
3200
2087
12
3298
4305
1149
4411
1781
1294
1295
2733
3351
532
4060
1992
2985
4587
1766
1066
4174
4749
399
1752
1482
1452
2781
324
3997
673
3562
3454
1647
479
2479
4727
2092
1437
1344
1190
3904
1175
3687
2234
3865
1740
4026
993
3153
4744
2707
4646
4191
1152
506
3113
1095
1076
3326
2047
1730
2455
1486
4086
1621
2846
2516
2960
786
2532
1638
4006
4391
2606
789
4161
2482
3225
4264
2551
1020
4738
2762
1236
1442
1615
4321
1828
4394
3057
946
152
3922
1807
4033
1721
3479
556
4244
897
662
1602
2445
4752
2176
52
3926
2204
1331
3639
4799
4493
3984
4622
2461
687
3076
1712
4000
4440
3665
4412
686
231
2966
1863
2823
4371
1254
1575
865
3413
1843
1194
4146
859
983
906
2991
669
362
2175
2
1233
2674
1768
2329
1646
3667
1867
2152
1206
811
1326
3650
4377
4721
4831
196
4613
184
2771
2172
596
2027
4011
1678
4733
2969
1349
1526
3987
1131
4351
1831
281
3956
1723
1534
2631
743
385
3690
4265
483
2333
3672
301
3204
3581
3496
1195
2953
95
568
4249
1104
600
431
486
4075
3284
3265
1215
2076
3561
488
272
3149
3405
2089
1555
4772
3760
1012
3963
370
1500
750
652
2683
4258
2585
938
3474
427
4358
3034
495
4805
4627
1341
3473
820
4046
3459
296
1327
2496
1822
1757
2238
692
2879
3411
3830
3659
4240
3569
1536
94
601
2052
2262
4353
2198
4885
1416
3009
4796
1046
3083
1782
70
2805
4529
4553
2126
3055
1291
4124
3114
2678
4061
1111
1307
100
4345
2443
350
248
1528
3514
1899
2211
1559
2556
3088
4055
2383
2747
2811
3891
937
174
1777
2786
4616
4669
1390
1318
4036
2086
720
3974
527
2412
538
4829
3181
2752
4808
3323
4484
3117
1362
2129
4079
4645
1481
2564
4855
2592
3492
119
725
837
2560
2749
939
2694
1365
1872
3163
1301
3559
3500
3332
460
238
3119
2326
3283
4162
292
4210
826
1593
493
697
3463
1898
252
638
2923
168
3971
2501
2311
1562
1681
1303
1978
1680
3940
3801
1734
2492
2795
607
1077
4881
3131
3369
2883
107
2769
2359
3464
1521
1563
2380
855
4333
2415
3237
1417
4676
2485
3201
3447
1506
2424
1354
179
2146
4810
4195
3320
349
4143
4895
647
853
2970
1171
2608
280
1122
49
4366
891
2068
4074
4853
1938
4256
2316
2502
450
1547
4224
244
3196
2740
3607
2864
780
487
331
3733
1900
4406
726
3577
784
2995
1955
888
2859
3763
2691
3130
2706
2663
1488
3805
1538
209
769
2955
2111
1094
278
4562
4730
3981
4568
872
4647
3951
3229
1117
2266
3952
3358
1315
4349
1093
237
739
2427
106
1366
799
2553
2036
2320
2567
1502
1919
1765
1163
2911
3674
1614
771
2834
854
4193
4857
1684
2581
2543
145
512
3362
3272
1286
969
3726
1465
1779
2573
3975
2729
3210
4741
3414
1035
454
4322
804
4154
2507
618
4864
1324
1011
2043
3255
2155
1222
2382
1591
1581
644
1949
2023
2330
4468
1966
1290
4766
1546
4640
2793
1062
3756
953
4071
1586
2078
2986
2944
551
4642
2503
2014
4503
2550
4712
3623
3903
2220
2284
785
3254
3753
3349
988
3744
4595
3810
3697
3125
2470
4856
2544
3222
3449
831
886
4510
4111
3188
2414
4606
4755
2467
295
3823
733
198
4070
699
2474
136
482
3065
2448
3051
3831
232
4393
17
3501
3180
2819
2462
1388
4407
550
2903
1394
3309
3658
2958
420
3676
3470
4739
4330
4582
3531
3785
4572
3081
656
1649
3647
1797
2323
4508
3572
2453
4844
4598
690
3727
3520
3001
2909
1690
1616
4847
3258
2309
2930
3484
1836
2870
1651
4802
371
648
4579
2559
2013
3324
3086
4731
2066
4434
2302
4789
37
2721
287
3457
2894
2535
26
682
3251
3794
981
4413
1085
885
842
3150
42
3361
3739
2673
4820
3735
3711
840
2033
1395
4841
1038
153
2696
1508
500
3772
481
3008
3642
3996
4792
3350
2513
3943
2727
1126
2391
2636
3488
2063
4890
554
1642
1597
849
4029
4112
3097
1725
2488
3224
1266
1443
1248
1852
3755
1423
2816
1728
2826
4552
1392
3489
3347
253
4472
1802
4633
4654
931
846
2452
2954
1745
1000
1663
3054
2055
4408
2761
3679
1552
1754
369
30
1129
4207
3025
1135
3205
243
170
2154
3099
765
2006
979
185
4668
2981
4708
4100
1577
4492
247
3078
4746
3632
4130
3386
4374
361
1567
4184
1125
346
1880
2891
3910
251
2587
3720
3633
779
1377
2941
1209
2361
3648
1471
1975
227
477
4013
2187
747
1825
3052
1282
599
1269
1682
2972
1842
691
3525
4271
1059
4517
3495
4421
1213
1653
3104
3585
2301
4625
4641
1449
2060
3132
2321
4800
4181
3773
224
3375
2578
3819
4028
774
2518
3168
4846
2471
991
1513
3179
2090
4683
3821
3529
1113
875
2680
2709
3173
1009
2512
2533
4448
219
928
1743
3907
3393
4713
2404
160
2457
2051
2975
782
1181
1276
3924
1839
2436
932
3803
3752
874
2898
3319
4643
788
73
1582
3383
4716
1758
4047
3513
1716
2538
3264
3317
2495
4214
1815
3881
1572
2140
1810
2665
960
2775
3848
667
4012
3725
2230
1553
920
2438
850
895
3798
2555
3462
1648
3613
2920
2095
2508
4757
713
2277
1515
1355
91
3863
3217
812
3554
772
2872
1600
1826
2489
4329
157
730
4024
2164
233
2166
4096
3335
1024
3507
2303
3178
4272
883
1522
852
245
1480
575
1110
1890
3279
1393
3558
3301
2934
2717
4565
22
3680
379
4450
2031
389
1952
4804
428
4540
814
2393
2719
4761
3815
2113
879
1878
3138
4726
104
4767
3795
4466
497
1323
2521
1192
3845
535
2099
1070
472
4661
1457
555
4166
1199
1871
2327
4388
2906
4164
3856
2977
899
2863
1788
2813
1692
2531
1363
3717
741
3105
2290
1040
2213
2547
4429
1360
1948
166
4158
3778
4608
3982
517
3942
3595
1098
4148
1116
4170
3627
2522
2243
1540
1272
4392
3784
992
3555
1185
3567
218
2562
366
4236
1704
3745
3791
4768
4382
393
572
952
4050
2910
1824
1196
4580
150
2689
1713
4806
2162
521
756
2483
641
998
62
4773
220
1959
1954
1934
2753
2772
1973
1550
1109
3266
4827
363
3709
3625
793
2623
2814
4269
2354
4365
1594
2568
2515
2808
1446
1662
1061
1827
4620
924
604
3578
821
4823
4289
2432
98
3897
1404
3291
1430
3576
1101
627
3341
3259
4157
4414
4307
141
3333
4525
967
2672
2698
3870
2634
1590
3240
1845
1376
1601
770
1138
1382
3808
913
3415
1494
4544
3822
2279
4483
269
68
4287
3162
4583
1925
787
3366
624
1710
2465
4743
2147
2849
10
4475
2197
3161
2517
1549
3396
1484
2588
2730
2272
3820
1329
1399
3824
4003
4634
2841
2639
816
4507
3653
1235
2456
3122
3005
2858
4867
1006
2572
2626
4557
4198
2782
898
985
4501
2079
1790
867
2890
3812
3482
4536
654
3193
1592
3685
3228
3049
935
3211
876
2530
4435
191
2919
2222
1277
1561
3887
222
2856
32
2616
3262
3681
509
2150
945
4897
1771
151
978
1674
4549
616
4577
806
1092
2116
1609
729
2257
53
3260
1172
3762
78
3187
2342
392
1626
0
2540
2040
2191
1879
2122
3013
3067
4866
164
126
3455
2421
1999
1412
319
1400
2878
1021
4687
4169
2959
2339
1544
2441
1043
4058
2477
714
3631
4695
2711
1015
338
284
3751
2105
3509
4336
3499
2990
3705
4550
2794
2777
1337
2188
2236
2366
4629
1924
1755
2982
4593
3600
377
2509
4693
1957
464
1120
3624
236
1033
1620
3609
3376
3945
3937
1574
3460
1727
1352
2536
335
609
4278
3321
286
4535
3548
3936
2084
3442
1351
2454
3712
4399
3721
3664
2119
1918
2074
4042
3039
2480
3089
1312
88
142
2371
242
4215
3293
1028
2158
2232
948
2038
1917
1285
4530
4843
3152
3357
383
2755
4581
3537
2599
2871
3708
4439
1466
1325
951
807
684
2697
1979
2847
4339
4078
4062
1378
3231
240
3422
3540
3532
3616
3144
4463
2247
1469
3668
3619
1764
2854
2100
4460
415
4110
3106
1268
3543
4574
4498
3346
65
4386
3885
4120
1359
4317
1313
4854
3102
2117
1396
2200
475
1906
2064
2341
2971
763
819
4344
1304
3780
1205
3031
3696
3472
4894
526
41
1987
2168
4177
4649
1830
900
1003
847
2523
353
4780
1164
4319
560
1631
4555
391
3471
1053
1025
2885
4457
2356
3986
1237
1296
1016
2179
2035
4053
1688
3967
715
1072
4524
4068
3071
3395
302
671
1578
3372
1339
1808
449
892
593
3941
1641
4665
2406
1391
2951
1
907
3435
1983
525
2223
4776
2242
1228
3244
700
1811
3314
51
1749
4304
1103
1588
1929
3439
4296
4234
147
3591
3142
4659
4569
1916
249
3889
4653
4790
3557
3466
1927
2968
2121
3547
135
436
1238
3476
1017
2552
2692
2624
1736
1265
2217
4017
83
3245
457
2676
2825
2998
2708
4332
3345
1991
4121
423
2115
2411
1345
4094
3241
1941
2012
3157
4168
2022
3171
3238
649
1397
3761
2132
1813
4004
3786
3932
4314
1289
2892
2932
2605
285
1387
4722
351
3533
1191
4189
177
4880
4229
2724
619
1060
2107
407
839
4129
2418
3851
2579
2973
2712
3764
4073
3999
2062
3620
1576
2586
582
2367
3080
4481
1816
901
4803
1188
1411
2195
1709
4273
515
1503
4830
2264
4444
1086
3586
504
4308
660
1374
4398
1112
722
4311
1409
1058
4362
2675
86
1985
1309
4250
3315
2743
3416
4295
940
608
2280
2017
1706
2686
2809
4571
1887
4328
918
4486
4840
712
4223
3060
676
2790
3017
3285
1298
343
836
843
3964
3206
4109
2598
3908
2799
138
1560
388
2746
1311
1036
544
2253
3746
1204
4775
566
1833
1564
2385
29
4203
2423
3271
4136
3486
1249
4872
1096
3880
4889
82
2723
3901
1383
1448
2671
4584
758
2460
3605
3925
304
3542
446
705
3749
3233
4221
2362
1557
4801
2914
498
2337
3546
3622
2145
3502
2252
2943
2072
4639
1914
2591
2713
1064
2058
4556
2925
2646
1933
3339
3868
72
3182
4172
2931
1074
783
2344
914
2633
4650
1456
4447
433
2381
2160
1798
3278
3421
3927
3875
2759
856
1953
2595
4452
4497
2313
344
3938
957
1796
3573
4123
3535
2732
4428
1022
956
1246
4825
1118
2875
1677
4279
2080
1148
3303
1850
543
4603
4137
2537
3010
2101
1487
1460
1794
4175
1369
4677
3270
44
4128
2127
2888
257
1128
27
2256
315
1834
114
1221
3775
4242
801
2684
2024
824
3854
4107
3379
239
3337
1869
4320
3456
2308
4232
2225
212
4751
1702
4367
963
4591
1010
417
3214
1624
1280
2218
2528
318
19
1644
848
3165
3156
4445
2123
4235
1078
4592
4031
3164
3252
3732
4213
3563
531
1724
3953
2873
2378
2908
2409
1004
494
1873
1450
3353
1114
3040
1045
3069
2324
2157
3316
2401
4049
2785
1333
1633
3134
3497
707
1741
2163
4737
4083
3990
2203
744
2073
2196
1186
1435
1379
2520
406
2886
2688
299
1937
2645
412
2487
1434
2124
2526
934
2593
2050
1336
2956
200
3847
2704
4005
3377
4248
4021
1635
1950
2817
912
825
4196
4817
3774
28
3175
2473
178
2789
9
3702
1849
1479
592
2687
3368
208
1926
1380
3869
4226
4442
4601
3771
61
3427
3610
1673
2249
1967
2135
4735
2611
1915
1968
2275
4113
2057
55
3493
419
2000
881
4512
1829
2514
1866
1320
4052
2744
1018
1838
2999
4257
2801
1168
4430
3826
1982
3330
3036
3498
4283
571
954
2632
3673
4672
3544
2738
4652
1123
1089
4496
2081
3788
3429
110
1962
1157
2293
1371
1505
1177
4875
1657
1556
2420
4554
4740
372
3365
2131
1537
2476
2065
3184
942
606
950
3409
3311
3226
3307
3587
4637
260
1605
3900
1350
4116
2368
3280
1139
3269
1358
1859
4417
1067
1166
1473
1904
4416
4383
4038
4518
3141
490
113
2750
2373
2298
4363
1145
2332
633
3380
3048
3087
3019
2922
4167
25
3274
2575
3516
2679
3359
716
3807
2372
3508
4035
1589
4316
2582
706
4254
2029
75
2285
1535
2317
1855
1789
2838
3129
1908
3433
4176
2039
1167
1874
3731
2897
2561
1398
3957
325
1539
2018
340
3343
1634
4431
1548
3075
80
3084
990
58
40
2041
4043
755
4409
2048
4617
2936
1234
1882
4836
3334
3914
2402
2182
2668
2399
4098
1440
4015
480
1607
3121
4277
2807
1208
3700
159
4500
4056
1821
4057
502
4103
2812
3133
4662
1263
2053
1306
2091
548
3169
3331
3992
576
1787
2655
578
3601
529
2693
2161
2628
2141
2935
4570
4644
337
3594
929
2635
710
2647
3960
1618
2617
1905
2357
915
297
2265
4630
2997
4077
1493
4263
2659
4786
2015
4205
558
4246
3560
2369
1993
519
689
279
1643
534
1693
3716
1214
4318
1976
2806
3683
3906
2852
4220
4607
4190
2880
3458
4514
823
1155
1889
1179
4585
310
2881
2917
3593
1883
4470
4781
2844
3930
3020
3221
451
3302
2952
2601
1668
3873
1912
3950
1193
736
3682
4734
3530
1068
2130
2205
1881
468
1729
3050
1425
1920
4528
2287
524
2322
3545
4732
1055
2988
975
3167
262
4873
3481
1610
1483
4532
1669
520
1154
3781
1541
681
3827
1639
1511
3618
4795
553
2271
2710
3159
2396
4814
2288
4723
3451
4118
76
418
115
3643
266
871
3512
4261
275
1759
4531
4488
4681
668
4255
1203
2292
1335
356
411
31
1783
3522
1197
1447
2741
342
1817
3598
2571
448
1805
1984
2607
1108
2534
4679
2644
4621
4299
1627
1611
3026
2030
2760
3644
4527
109
4787
2289
1115
4041
4127
3079
559
4900
3677
2613
3203
102
2355
577
3382
4095
3091
2199
655
4461
3110
4464
2413
3344
513
3406
3884
841
2388
1686
3704
4869
4656
1804
3392
3832
3663
4354
20
1619
2045
1774
4609
336
3954
4714
4845
210
4783
3978
3758
2331
809
2667
2600
2767
176
2478
1153
1421
293
2725
4793
3197
3800
348
3518
1998
21
2751
2993
2281
1778
3412
35
3064
2387
3779
3813
2407
643
1342
4891
1133
4187
499
3276
3477
1566
4216
3818
4485
3630
518
1514
1545
328
3111
1348
2011
2511
3934
3194
2664
2548
3718
1969
2300
3030
919
2570
2757
3000
695
23
4887
2984
777
1735
4085
3570
1923
1679
4142
202
1477
4837
274
116
2839
3239
4192
890
3913
941
1861
1694
3564
563
2784
2149
283
545
659
2185
2227
670
740
3136
813
595
4106
3515
4747
1338
2612
4860
1049
2603
4312
4219
3604
3267
1613
4138
1733
2431
1314
1279
680
3191
564
3374
4494
2584
2642
140
4185
3381
4186
2735
4754
2025
339
727
4206
4859
2365
742
834
470
3015
1107
4564
2924
4156
3403
2541
4268
585
1931
1699
4165
206
3096
3223
3686
1645
108
1650
2255
347
3787
4122
2681
2557
1820
4454
738
4045
1275
2235
3811
3797
2106
587
329
4538
4018
1698
4674
3671
4446
3082
3747
1418
2527
2824
626
4252
183
3441
3018
2654
175
3408
1462
1897
2208
4230
2268
4131
1907
2779
977
683
2800
3002
3354
1007
4039
4023
3246
2992
2913
3965
2049
3909
3584
127
149
3394
4104
1700
1761
1413
2702
112
291
34
2178
754
4852
4545
459
672
2768
767
4546
2224
2726
3583
323
2554
39
1795
4892
3059
4135
4624
38
1419
4560
2245
962
4487
949
2192
3431
3521
1084
2020
2202
1529
316
4293
4069
590
217
1297
536
416
214
650
2857
4381
3342
704
3268
4605
3304
4838
3939
3553
1847
3037
927
4238
2240
1921
3783
4479
3282
194
709
216
1083
93
1239
424
4610
4059
1844
1026
863
4282
2695
3855
1637
735
884
1001
1231
3312
3074
4202
2558
3094
4763
2318
1689
1499
3549
3989
63
332
33
2722
4770
2159
959
1031
1081
1044
254
3424
1274
1485
3310
537
2525
507
866
2820
1812
282
621
805
1928
4520
909
4436
586
3534
2662
1288
2468
1708
4020
2481
2375
622
467
4385
4474
402
3768
1146
1402
4736
4599
1583
3571
2351
1930
542
1211
1935
1005
1472
1940
3662
3373
665
4623
2054
3568
1628
2347
930
1119
2276
3391
1744
182
2133
944
4241
2983
3608
2260
4346
2887
3045
4301
980
211
4
105
2009
547
1814
3905
4163
4809
2070
408
4706
581
2637
2466
3044
3782
235
4080
4323
3068
4851
3931
4209
458
749
1675
50
4197
3858
3299
887
317
2165
67
2459
4306
4522
466
1088
3306
2640
3918
2085
3636
4276
632
2444
1801
4171
2651
3844
89
3693
2618
610
1922
1048
4010
3145
4102
2169
2340
2610
723
3835
4473
4132
199
4543
3888
757
896
3257
3296
1384
1989
4612
3400
381
1218
1432
2310
1877
246
1281
3874
762
2028
2171
3046
1389
3737
3911
1207
2296
869
2405
2884
1223
685
290
678
1947
860
3710
2718
2580
1433
2504
3440
2715
3994
4359
1102
701
1720
2180
3448
1625
3641
4343
2519
1776
4663
2994
4883
3524
4297
2754
570
1670
4657
1227
2061
3796
3893
2336
3137
3388
190
877
721
333
719
4893
4811
1019
2770
1073
4664
2343
2005
2669
397
2641
24
2947
594
1718
1696
1034
4180
614
3944
4717
4491
557
4526
3468
1184
2829
565
4692
3073
4125
4888
4689
2425
2348
3983
4611
430
2549
882
3127
4548
4682
4858
1756
2139
1664
77
2505
2274
1461
345
3398
1891
3061
121
181
3574
1368
4590
1837
1691
3340
3183
2649
3517
2026
1340
3107
4372
4139
987
4685
1014
1253
1121
3565
4270
908
1629
746
3691
1894
4222
1750
4266
4541
1711
3993
3371
3991
4076
3588
4292
1069
2229
2184
103
1958
4347
3160
4678
2434
1100
4294
4389
588
516
3923
3273
2389
3426
3714
4576
1965
1455
4632
1002
1876
3423
2656
961
1565
437
1809
1202
1748
3419
972
171
2835
4542
764
4285
2219
4178
3660
986
1746
1142
1853
2802
3877
155
1767
4719
273
562
1518
3597
1525
2685
2314
3834
999
2233
463
2848
1245
3444
1367
1909
2004
321
3170
3879
2699
4824
413
46
341
2810
2319
276
3042
1258
2621
3878
623
2325
288
4303
1346
64
4092
131
2177
1270
4861
905
378
2352
4458
1509
2394
1885
835
1719
1568
1870
2791
1780
3894
69
728
79
1124
294
2226
994
2286
1832
2210
4342
1617
1943
2463
3112
3277
167
1495
4368
1260
3483
4281
1278
267
1408
1159
973
2546
844
2670
1504
2273
2652
2828
4395
2104
2945
2860
1386
4771
173
4152
1498
617
3154
3592
1606
4441
3862
4260
810
1029
943
921
3649
3295
4835
180
4818
4044
3902
910
1219
476
3603
1775
3401
2098
2830
4628
933
1176
2037
2069
4089
3192
1714
4832
1892
4231
2766
3920
2666
3976
528
3491
4066
1595
4350
2658
2244
2267
1441
4658
311
1902
561
410
2002
2001
4101
1436
4655
2447
3743
3043
1489
3829
1256
663
373
3047
4153
1410
1865
1140
1988
1178
143
2742
2737
1942
3669
1299
2627
3003
1598
2112
4834
193
4097
4784
1284
1739
2987
3979
2156
3151
1944
675
2120
3410
1722
3713
4478
1707
4227
4467
2989
4702
4179
832
4415
3655
3363
1964
3389
3218
367
3275
2855
3390
441
4822
2349
3475
2700
207
2408
2939
4340
228
3012
1507
2430
1630
461
2630
1623
1424
129
158
2228
3140
1726
4709
501
737
2804
3290
1573
657
893
1551
1519
3209
2500
3640
966
3769
4631
4105
2390
99
2703
1317
359
3842
1994
1453
761
2282
646
4443
1932
3575
3004
1632
3328
3230
4728
429
2961
2103
2194
955
426
926
3208
439
3580
4710
4032
4691
3445
1532
4155
4788
1875
187
661
2278
3838
376
4667
3186
4604
2475
4054
947
3418
3297
1903
4378
658
2876
396
3053
4877
4037
4882
651
1751
838
432
3935
1997
635
1056
1201
4504
4370
2748
2574
4087
1047
2216
2889
522
2882
4762
3478
3723
3652
320
4331
4551
1310
2379
1063
1970
3689
1603
3614
2137
1823
139
2545
3802
195
4711
2861
2614
4521
2490
473
352
2346
1071
92
2118
1180
4422
4794
1105
1158
1247
4194
1888
1911
1032
2765
444
4619
2918
612
3436
1793
7
2291
2190
1683
2491
2142
485
3582
4404
3115
605
1429
3790
4459
1372
3750
3385
4401
827
1960
3692
2295
642
4419
4115
4298
3006
1971
3859
395
309
911
1665
2206
598
4364
438
125
703
1420
3719
1981
4600
56
3378
1161
1216
3397
4651
2186
4476
878
1144
263
3684
1250
2016
2377
2044
358
2083
2312
2937
2486
3247
569
1097
14
2386
97
4675
1738
1868
4040
817
1579
2928
2904
4842
4826
1308
795
4868
4310
698
1224
2980
2417
766
1742
2494
2653
2938
3085
3452
3128
3621
4451
965
3962
4745
3860
2497
1785
3147
902
3722
1319
2059
306
3793
4025
3202
1428
3232
2270
2469
264
447
1587
3215
4567
4090
2173
4326
440
759
1321
3305
3556
307
2821
4379
2787
13
4009
1283
188
137
1895
4233
1261
530
4586
620
4117
2398
2498
2433
1403
2102
2350
2067
330
3109
1671
640
1427
3628
1187
923
3038
753
4274
514
6
4539
4140
3701
18
1262
4797
3748
597
1127
3248
1464
851
2976
4449
4725
442
3629
3550
1896
2315
1769
4465
1585
2075
1370
1799
1854
4558
1198
829
1856
631
2071
1305
162
2261
4425
3919
3611
2144
1913
3430
2758
603
2138
4615
3519
864
1530
4821
421
2189
2660
1717
4684
3602
2360
189
732
3949
2756
3678
2589
4701
409
1474
958
1150
3770
1259
1851
2046
639
4397
2082
541
1884
2714
3318
3757
1862
4742
3174
3688
3219
4489
3694
2429
1687
1132
731
1414
1027
4506
2619
4133
3736
3552
2201
4559
4188
1747
510
674
4427
1169
4084
857
1685
4561
873
1763
4729
4753
4064
2916
3155
1293
2901
4462
1800
4828
2259
2594
2358
4159
146
880
1792
435
3139
2927
3407
2949
225
4849
1640
4418
1655
1075
3615
2297
1130
2094
4290
3777
1658
1057
4750
3263
1676
268
800
4376
2962
364
868
1963
289
2307
613
1252
4815
4575
1791
775
781
4253
8
4764
4302
1803
702
523
4218
4072
567
16
2948
2019
3969
822
3070
3166
1956
2250
223
230
2569
3527
1569
625
4715
1364
2539
1459
1212
3841
828
984
4149
434
3933
1497
229
3528
4402
66
2328
1230
1612
3425
478
3861
1241
4313
2209
3103
2867
4300
4027
2239
4275
4438
752
4424
1287
1520
1995
3370
2384
84
3249
4051
2763
4002
2334
4228
4812
3657
2629
3028
1974
2269
4704
1841
818
3443
2183
172
1264
204
60
1636
2109
693
96
1570
1023
4791
3437
1860
1846
3243
989
2215
1039
1405
1082
1773
3118
4262
4360
1599
3120
2818
1510
2837
1242
1524
2170
205
117
3852
3360
797
2400
503
4456
1330
2778
3912
4182
4390
3635
3928
1584
4720
1422
215
2440
4707
696
3626
2294
2926
2542
2449
4807
1701
455
3213
1079
2833
4670
156
3420
4490
1415
3656
1666
1137
1501
1141
4813
2093
2125
3651
3172
4516
3016
1732
133
1385
2450
2263
3538
1375
2705
1961
4886
453
401
3090
2114
4173
128
3126
3955
2776
452
4091
4515
1490
3058
3148
2042
2108
546
