385
539
93
778
1747
1510
4731
3418
717
3737
132
156
2472
2790
2440
102
91
451
4076
2943
255
133
3716
722
529
1759
1207
641
3561
3145
1755
1150
3558
1136
487
2119
1568
47
1392
3347
25
4057
1274
2284
2612
1581
2463
1288
1799
322
436
148
2153
1441
3664
1773
523
524
0
99
4191
3620
2226
1680
351
460
2075
1333
4646
4647
2537
557
2868
3421
1132
865
354
586
347
3879
3119
1169
963
2581
1627
1252
666
181
159
3253
307
867
32
33
1201
3983
2664
142
215
1325
1354
2737
97
455
1540
1032
161
309
45
92
2203
921
214
1893
1450
1451
483
620
1931
2337
59
1170
1855
770
820
915
1459
1676
2086
2221
2617
675
407
604
366
3419
861
2200
656
555
1824
2818
2494
3488
954
3567
233
81
2994
2513
744
1305
389
1309
1431
670
4291
2627
1980
3230
632
584
287
1118
1935
636
4500
1862
3293
846
338
1830
2650
409
60
1192
843
2688
4334
821
2351
1300
500
2595
2732
3814
258
618
1408
541
2907
4256
3600
527
1164
667
112
4093
3442
1040
267
2990
4826
908
688
651
769
3920
72
1669
660
1196
3411
718
1464
3147
43
966
4019
339
3529
247
234
1120
573
1987
1502
1545
3472
1002
634
3121
2275
71
1869
1650
94
327
2262
2482
995
2228
137
3266
1647
913
249
1473
164
833
3537
3342
140
563
239
1331
3386
2986
291
2029
1934
1444
36
2590
399
3746
2051
802
3905
635
226
4331
4101
3848
567
838
879
961
3177
1582
52
473
2359
16
2668
89
2514
186
80
284
566
2199
2785
3707
4613
4171
395
2372
706
705
704
703
3223
2432
3967
3968
2838
306
1884
349
358
360
2712
1921
2012
458
3388
1881
4305
1280
152
1151
652
3424
3701
1754
3165
1045
1044
607
719
1153
835
2298
49
1976
1228
907
3396
12
514
1655
1119
4630
2909
149
4762
2723
4569
1015
292
554
805
243
400
383
23
1028
1703
4898
1059
4353
194
818
1023
1234
1623
101
4711
3549
166
418
565
2102
1128
1144
4514
125
453
51
1047
2107
272
1961
2307
1812
621
1565
2694
2169
848
283
1585
62
3400
2508
482
410
957
1446
2445
580
3024
2525
1491
281
513
331
454
2855
1250
105
413
1067
217
278
1382
1977
344
393
196
179
2404
187
269
1991
3998
794
2825
3304
2105
2238
1477
2965
493
2810
1178
4246
854
2807
1
1609
11
2507
3229
775
308
2150
2822
1099
2290
2637
902
2379
1600
682
1217
2725
2614
849
4567
2160
1953
3373
375
1542
18
1182
543
2748
4679
2247
2746
74
806
2436
257
1095
4892
1388
839
1258
2124
6
750
598
282
2469
66
1424
174
1854
271
2696
1011
1100
2113
303
3212
1314
428
4509
4016
2317
1155
545
21
34
1784
2300
974
314
1367
3550
1591
739
54
730
412
1304
1387
1457
505
205
4531
4020
2311
4155
3315
1920
1329
1852
808
178
1720
27
815
4149
352
35
972
4157
3821
3034
380
1950
3172
1992
540
1370
1414
1778
335
1632
497
3169
1340
1463
1013
1143
530
4219
801
4133
1964
2716
1574
2726
901
3793
1149
160
242
127
2450
2771
4263
1225
804
4577
2209
147
587
1837
959
1060
610
611
612
86
7
3869
781
978
3023
754
301
2538
3576
332
3806
2931
1061
1907
683
176
1372
834
316
2544
2055
438
463
2554
3163
4415
1937
2509
126
2276
2806
2217
3329
3694
3453
3551
1958
742
3532
947
1578
121
189
817
1161
4111
209
2376
1544
4371
933
69
1462
293
665
1254
3825
910
2599
2370
1248
1922
1520
2626
1051
796
1580
597
134
4397
589
1302
4169
3564
464
1168
1777
4687
945
528
9
2287
326
55
789
4570
1785
699
183
1751
538
1092
826
1940
3069
1570
1035
104
768
643
4507
167
2215
2944
1203
273
1805
2381
116
495
10
1533
836
4433
1628
2142
2582
4893
304
2477
3999
77
3402
2067
1050
2720
2399
1497
825
629
2625
3644
1752
1649
2021
646
1332
474
1848
2155
3140
491
4161
129
1613
1386
1366
1039
50
1449
41
3454
88
3623
173
1571
15
3778
809
532
1853
3926
2044
490
379
3125
964
1355
1098
1704
1705
536
1455
361
170
2008
556
75
198
4297
2982
2338
1193
623
1043
424
975
165
3060
4412
591
245
310
4336
3362
2693
858
3009
3008
2256
721
4435
355
3258
3670
2028
3516
1297
1611
2131
2366
712
270
446
2805
3841
3499
2578
986
791
4681
151
2459
3636
4121
3560
2026
1239
2676
3969
831
175
302
1308
1328
199
158
1500
600
1499
1569
1810
542
17
864
1797
4013
1716
2104
1864
172
318
185
2047
520
2442
1763
2485
2491
141
4511
4063
3383
630
1335
1375
462
853
2479
1036
177
2661
1584
2245
96
430
1913
1215
2382
426
4625
625
2583
180
4734
2928
508
1152
2267
1091
1936
313
114
3451
79
370
3332
2689
2789
2424
432
1517
1472
235
4062
1896
2423
3131
952
2691
1344
1764
492
1482
2932
484
919
1016
3702
507
631
374
2451
42
3288
1090
2220
2056
1809
4365
2171
689
440
899
2970
1911
684
747
4895
4897
4270
350
394
3521
1405
1624
1224
1259
84
443
1346
4776
56
1636
29
90
700
594
1376
644
1320
932
4871
1404
709
2180
740
212
4691
1247
1832
876
1683
78
4207
1389
2208
3915
819
2121
373
596
1072
294
1209
1433
1129
2488
982
286
693
2057
1054
4873
200
392
724
1487
477
3699
3390
3559
1034
1313
1671
2385
2013
2441
193
4008
3867
24
3776
866
824
585
3877
2781
40
1979
1698
1019
2914
206
1909
441
470
4310
1563
1971
1197
465
562
1351
254
122
512
329
1396
397
2063
1573
2061
1374
2232
4220
519
1875
626
1407
1165
2740
456
605
31
1145
289
136
4183
2308
1774
262
324
237
1460
2129
1448
1301
1038
2891
1825
2660
679
766
3348
570
914
1256
1551
1635
276
251
117
250
714
531
2564
4573
571
1665
248
904
3353
2094
168
777
13
1432
1282
1055
2118
2270
2837
1792
73
852
2235
792
1633
1385
1483
3037
3781
3949
2474
711
1927
317
2881
2330
1886
1391
135
4254
4822
2541
903
601
1084
1725
920
3579
1037
4582
2322
277
359
3482
2289
1673
761
924
157
266
207
2038
2673
2214
3882
1596
3846
993
153
2655
803
1147
37
48
4794
606
633
150
391
2876
574
4241
108
107
106
1373
461
3824
384
564
171
701
707
702
2542
472
1085
5
3
2
2357
669
3310
4314
2584
4666
2219
1113
1948
4265
1724
2062
4313
1368
812
3054
2915
579
578
517
576
575
263
64
3350
1223
2524
2280
549
1342
741
1586
155
489
2947
1899
1175
1071
340
3785
3859
4676
2299
1925
2373
252
2020
976
2111
2036
511
1846
516
647
1489
581
445
2394
535
2651
3884
1629
20
534
1694
748
2252
3893
2592
341
2811
1311
4720
2251
674
544
1775
1776
950
909
1292
368
3710
2081
479
184
3117
2886
228
1656
2530
2117
2116
2273
967
814
875
1478
1181
2573
1070
1561
1102
841
936
4515
275
857
4761
1399
225
346
2213
672
336
452
1511
229
4585
720
2014
905
4103
2500
131
425
403
182
330
1547
2608
628
1138
118
2487
321
4516
3686
2354
1163
733
143
1137
4001
888
390
1029
188
87
1083
3077
2777
855
2084
521
1475
3085
3086
758
3088
1667
3090
3091
3092
2853
3094
1895
3096
68
2892
1469
1267
1218
3102
3103
1914
622
3105
1900
46
382
3110
856
1963
3113
619
3115
3467
342
144
956
466
2174
224
44
734
65
3075
1246
236
2847
4204
3704
1081
639
547
285
348
290
471
1681
1664
3921
85
1556
743
1413
760
63
288
3831
3990
2362
2323
2813
2498
343
1009
4714
100
868
1761
837
305
26
2236
970
692
1130
53
1025
3727
1684
3157
735
2478
8
2076
845
1598
4075
1966
994
1549
3601
4489
681
22
2749
223
2272
2484
916
421
518
1157
1042
83
296
4002
14
1064
583
2551
2824
311
4779
162
716
2059
2145
485
648
38
328
2050
1187
163
415
2619
320
1575
759
1237
2606
4084
935
1027
30
145
996
790
548
434
697
1206
146
1712
1273
1053
863
2481
204
128
28
345
4827
1063
401
1789
4132
1276
2519
1229
76
1818
1595
2462
1663
268
437
1590
2685
113
4139
115
259
260
691
1353
1999
241
1994
1445
3647
1253
1748
917
2713
4351
4551
2461
222
728
923
602
930
929
928
927
926
925
1923
1065
1371
111
1486
773
2875
4667
