453
1151
807
267
160
3572
3527
429
1053
4522
1857
1086
4722
744
181
298
3811
465
844
1166
2258
229
3782
1474
2836
3752
27
405
103
1048
1839
2805
316
94
186
1927
58
2929
140
2664
98
2210
1107
1462
63
2513
1617
647
1648
277
11
675
737
2284
4599
2538
2212
563
549
305
3713
33
412
227
1253
220
1588
1538
4427
1169
4295
3655
1829
4185
39
835
3325
125
582
2348
3458
1899
282
1564
667
1734
936
540
974
1530
1555
1294
1059
222
1362
1746
264
1477
474
1392
1093
1280
360
246
2302
6
485
4876
1172
1528
3441
209
511
899
1498
1005
1149
334
1185
668
1676
2211
1620
1123
664
673
4510
2361
2079
1469
2337
322
494
4204
2572
1223
83
1957
327
2336
143
1868
3096
175
786
650
3695
2648
2039
4830
1354
450
531
268
551
964
376
1635
1970
1108
644
1091
489
3473
366
1596
4326
3815
3978
4513
5
700
1333
117
25
2412
3062
2537
4551
161
1805
1769
685
2723
805
1102
2003
167
1222
36
1177
1994
2695
778
2443
440
581
3592
3736
97
3434
3129
3360
399
3438
73
1862
1121
3
972
1111
2752
1314
4779
4755
3682
1115
391
3042
1325
24
470
345
559
1229
1587
424
3457
4018
93
4444
823
4062
138
3884
1921
116
1640
239
1060
1435
3712
739
2413
1370
324
1134
136
550
2408
1988
1056
142
1232
341
1203
545
2317
2749
2398
392
3420
3840
4872
1263
632
2197
3049
1837
3882
2781
3652
921
2770
2745
3566
163
323
1154
3943
155
1099
2340
57
3573
2445
2264
1182
1165
948
1320
2324
2163
4163
2046
1299
1943
61
3314
270
3896
1595
1817
4017
1565
437
896
461
4166
2965
85
1570
801
4170
3333
34
2185
3102
3053
179
3199
541
790
703
4
3924
1055
1609
196
78
589
2126
880
4574
221
793
3283
1287
3515
3459
4505
4746
820
1687
1657
508
4027
1385
4558
1575
4386
292
442
643
1715
172
1309
2
1464
2042
182
473
3833
248
906
493
1000
31
4764
646
785
10
1095
2530
113
660
137
173
629
1001
661
110
608
433
1313
812
388
501
310
2477
982
2068
121
247
1140
746
71
145
1494
988
2094
59
1882
4311
3244
1579
23
2565
106
4735
1790
520
611
385
1014
2730
2346
2623
523
148
586
574
4234
347
1147
223
3834
1911
4196
293
1311
3089
3051
4167
688
2050
343
966
330
2526
904
1298
152
1187
1892
2251
900
4866
2817
3760
2854
72
2985
4665
1266
1122
1365
1960
4347
1526
1799
1021
377
2839
4067
37
760
837
714
2481
4418
2123
4445
144
1531
990
1374
783
452
1779
2792
2313
1252
259
517
444
1028
128
82
779
502
1952
628
4677
884
199
2371
2338
2292
487
687
18
2810
2971
435
653
1439
3890
960
2194
2571
456
1765
949
1518
562
3029
67
364
2502
1465
831
1606
134
1671
1258
1096
3829
35
537
338
2031
379
695
1112
490
3973
1436
2161
15
2002
663
4343
2519
521
150
1610
604
1033
719
2023
1815
362
369
2044
262
251
4606
1259
1416
307
228
748
3491
1954
1700
2973
2225
1992
2328
70
976
75
1267
1941
1045
3575
238
1239
2261
3602
657
190
684
954
1831
2440
789
2077
17
1062
3468
217
826
1234
895
170
940
3939
1986
2718
129
281
4429
1661
326
771
3876
130
761
210
235
14
676
3219
1420
1704
1461
3005
7
2124
609
499
2260
1650
2192
641
240
1964
1783
3996
941
2974
708
100
476
1431
593
287
4619
993
1393
2414
1467
1438
2795
1375
328
254
1578
507
3627
1269
1914
640
1818
1071
1407
704
2295
2206
156
1942
536
1276
3514
2054
3777
910
263
176
3668
1133
2331
382
1198
2775
863
1210
782
1945
488
2469
1342
2141
153
149
1189
13
380
2821
935
92
1473
1418
445
713
1391
55
867
615
1902
1016
2377
2761
0
127
4091
76
177
999
3212
2603
1139
567
655
1103
3662
1674
3582
4639
909
1181
4708
1845
8
2280
301
22
1999
2226
1492
1410
1569
253
2405
1774
1326
983
3810
798
817
743
2159
48
1118
308
1780
349
184
389
3691
1710
2250
2908
4585
4264
237
2286
2301
3040
2007
693
96
185
4157
65
2009
2690
947
2029
2523
480
52
2172
2870
639
2390
576
438
602
1453
570
2379
1735
1130
131
1548
4431
3357
472
358
2262
3382
933
913
4104
891
46
729
288
3304
2111
1226
973
877
214
3918
662
1908
1075
320
2216
866
1321
2297
1382
638
1202
1809
47
965
111
244
1535
970
458
3531
1874
1877
1038
2004
1449
971
4208
2555
413
2578
191
879
2345
32
1373
2147
822
79
4643
839
2712
862
4009
3277
2784
751
108
3547
84
2006
1447
2152
3487
1007
1126
2249
565
808
3555
939
2951
206
3688
934
29
4782
2833
944
717
4553
951
871
269
2403
736
1645
4566
1593
139
3010
2203
3476
303
3001
2474
193
3112
1018
1238
4470
2516
276
342
788
3149
3501
1031
1591
479
41
105
471
1424
2524
2012
3032
416
2076
286
1484
91
4194
2708
588
2287
532
2679
4158
261
132
1490
3148
2103
917
425
112
2043
1663
460
2347
66
104
415
2763
232
633
45
1801
80
44
4857
234
749
553
4516
1011
2364
216
2893
462
3263
1303
4272
213
135
1634
2939
332
3376
4139
309
151
1173
3182
3672
42
3492
1849
2879
868
1265
950
19
1795
2969
1732
421
9
1156
4407
204
980
670
4293
2569
211
2593
1503
1702
723
28
321
557
1217
1989
3931
230
2171
4476
3047
245
4269
1360
857
372
386
1221
759
659
1751
1387
3266
525
2831
1600
3358
354
1669
1199
249
454
1744
606
500
1329
854
1918
16
548
215
40
2155
350
318
1073
568
53
1690
119
1401
3979
795
3264
114
271
2410
892
2116
51
1719
811
4672
2166
2595
914
730
99
3201
434
1077
828
680
300
289
3086
651
2366
2955
4109
631
2034
978
1110
62
919
3193
133
162
1338
69
518
159
945
2697
592
920
599
527
620
773
30
969
1479
3121
1432
4294
3533
699
158
250
3826
832
436
2729
566
359
2170
1798
4587
466
431
38
2479
3037
1206
1913
2829
4352
314
626
522
1377
1087
439
4043
243
2575
2156
1022
1352
430
3097
4811
836
101
3927
352
1120
102
141
60
3313
4777
2107
819
2655
533
1551
555
656
671
587
164
4663
2711
3711
642
1390
1065
506
1706
107
486
2109
1082
357
2179
2228
3518
306
1767
1039
2074
1146
1196
1632
56
1399
3935
1163
2472
1306
3365
1627
981
54
313
201
2217
1076
1969
3332
722
1953
118
2790
423
1070
992
998
4383
1363
1932
2333
1550
1281
1718
225
4498
449
1808
897
3240
946
2856
68
1544
2717
284
74
2903
3947
241
1792
2558
2160
882
340
1244
371
1756
218
77
2505
2000
1083
1336
115
2948
315
273
26
3317
2495
1621
1752
1711
1225
408
4198
1926
503
4190
3807
794
515
86
2150
509
3136
2694
2794
1037
64
1063
1036
483
1485
370
756
478
1895
2902
1749
4300
4154
1051
1703
1727
2153
1381
799
1896
3541
603
621
183
1066
2666
2367
591
124
535
3239
645
1537
635
2949
1626
265
571
1458
4233
3391
1237
194
925
202
601
463
294
4369
1233
605
2207
353
710
2647
1422
985
154
915
297
2265
2950
513
3910
1493
962
1278
1967
2015
1788
558
1806
3544
198
1993
361
689
279
3982
755
534
1693
192
1554
1976
2806
1405
3906
2852
4220
3797
165
189
1638
3432
1015
3599
1592
2148
995
929
1681
580
3771
3389
547
907
174
1068
1170
20
4151
1044
477
346
3565
1450
842
1341
617
1517
147
422
1670
4719
715
1205
178
959
285
231
702
912
1470
2898
3938
203
1523
3039
1442
1647
187
1652
669
50
418
1425
339
4880
654
1865
1893
874
2546
1270
1331
682
3855
1428
539
1770
1078
1188
2847
188
911
257
3216
2266
4721
205
1143
2201
1527
1534
43
712
21
829
4228
212
375
2272
2189
87
1772
514
1476
417
4036
168
242
2409
2780
481
1636
88
2545
2945
295
2175
169
3485
686
397
348
1454
569
2415
1106
4181
4676
1098
1996
619
2602
90
197
1786
797
1723
1
3725
528
2599
468
4162
885
597
4112
3208
337
1730
861
554
543
492
2267
1257
1322
2305
266
4349
402
400
821
927
3534
2492
1330
2552
171
4521
3248
1813
404
510
1437
329
2095
1337
2352
1175
3904
1190
2098
649
1614
542
126
1332
1838
4159
