1270
212
4632
335
3966
1207
921
3531
3253
137
1404
306
1718
4807
2050
1932
458
81
1965
4382
13
2173
3029
359
3519
3
926
1158
2666
1196
1069
1513
614
221
499
307
298
86
259
512
1200
357
3116
904
2307
1374
966
648
2505
77
2139
1756
732
4858
4548
3127
882
2549
3581
4611
3983
1204
103
146
2856
575
2507
4306
3307
58
238
4452
2130
2080
2731
65
894
4271
909
1641
3186
4665
2985
3277
123
1231
431
618
2238
631
1616
2782
2164
17
4603
2480
1877
4067
47
1809
1202
658
2871
1047
2297
2069
2216
541
3746
662
3918
1176
877
1434
2648
1794
2345
3814
3507
851
3714
713
1711
4773
2681
545
236
2204
872
3440
2831
2372
3605
1426
1981
4739
3318
4745
1925
3187
2510
550
2983
1113
715
4844
282
4683
371
2847
3017
830
528
3912
1409
225
2949
2682
2279
1326
4840
2726
79
4274
93
1441
241
4772
1916
617
4816
4602
1553
4692
2946
2716
267
1918
2119
3664
4079
3401
794
3715
2037
2624
4008
1317
326
1908
633
632
253
4855
3072
1543
4601
482
2996
3339
111
1
1368
240
1142
4302
4735
34
3537
193
1357
2113
451
3701
884
1012
2616
3677
3655
2094
4311
3262
1579
1225
839
413
1433
1452
676
3049
624
250
2951
3991
1099
2923
1239
128
1897
2215
2468
1297
3429
197
4032
4779
3734
3376
931
1536
3856
3166
1161
2910
3039
481
14
796
3358
3083
1606
1085
2236
2316
1771
3741
1841
1695
3372
2320
3538
2335
2191
692
3283
3151
4759
3607
1913
621
1185
3153
219
4185
2312
328
1627
1763
2328
4010
1457
2387
1968
4248
40
428
3357
2591
3142
2883
485
3870
723
4237
2451
71
3237
30
1410
444
2596
2318
4307
1422
1234
2955
2111
526
1984
1805
1827
916
179
213
3126
746
4454
3717
2116
385
2608
407
2715
799
2489
4275
2239
645
3192
2903
635
2052
4473
489
3137
3619
958
1783
2613
1237
1042
1573
2840
3391
2598
194
3711
3959
1038
163
875
1094
533
1651
971
1162
672
3787
415
502
175
2812
459
1840
486
3830
2153
3319
1184
227
2127
196
996
853
190
187
3617
1832
2042
2029
1285
172
2644
1084
340
322
441
2690
513
3846
1737
2957
1538
1948
680
3915
2776
832
2892
4096
2322
2697
2988
4146
1535
707
2560
1581
1264
711
478
521
2256
4118
2784
4104
372
2416
4870
629
465
134
2065
2889
2136
4687
208
2780
671
375
33
1738
50
1757
4677
1590
1747
4619
4823
1451
4139
3055
917
4511
92
3483
2629
2943
4722
1655
3045
3180
1496
419
2432
2214
769
1385
3098
786
895
1406
2601
4862
4206
344
705
2754
3258
3013
3032
862
4353
1340
993
604
1914
666
85
2186
2617
57
3035
3973
4457
2039
3986
3241
892
1822
3424
2453
4122
688
1109
1550
4645
2543
1045
2588
560
1937
2463
3447
1060
4109
68
1425
3139
2340
771
269
798
2044
1626
4197
360
4509
1059
2818
2424
2481
3084
2570
1209
1473
2919
3842
3214
4110
3093
1016
655
1393
1137
1210
1443
231
129
720
3036
2546
1450
4758
159
1197
3114
2012
3745
2737
1657
2684
3516
3291
3279
1607
1997
1128
605
1205
967
531
319
188
1740
2484
646
927
3476
2924
2935
2877
718
1568
922
118
165
404
1867
1838
4135
537
4569
1679
4441
3954
1314
3919
263
309
3549
2850
2579
4373
1055
430
3353
1712
3535
1319
479
3347
4790
4430
1256
1372
315
246
1324
3657
1001
1269
1280
3469
4733
2977
1551
3770
4187
2841
1709
749
1291
2736
3551
389
184
349
1780
1604
2696
4495
1629
1732
1642
3100
1017
4154
457
2585
2355
4741
2185
2110
1521
4150
2379
1278
4674
580
1491
730
596
2703
476
763
2846
649
3978
171
162
1071
1801
2595
4281
3097
12
156
685
497
2970
4676
754
2150
214
4738
3886
1036
69
3071
1919
4043
866
4023
890
599
3541
4512
55
813
2532
2992
439
1033
4661
155
1021
2336
4657
3181
2099
3971
4671
647
3502
1168
2180
788
2380
684
1659
1065
1648
3896
4380
1592
228
1227
281
2368
1186
2059
4615
99
2268
942
1748
1469
510
82
1582
1501
3479
2637
98
4764
1598
3263
1860
2886
1542
2559
2705
180
809
2844
841
3265
2032
2678
3946
1091
4020
1664
2403
1601
4529
387
1189
1442
4831
2937
151
2448
3362
0
450
2034
361
935
130
3275
1188
518
2958
873
3744
1067
3261
4171
52
1884
412
1043
3716
87
2337
203
2732
1895
2634
3944
4876
2062
262
1405
4396
1301
2824
687
3239
356
498
2614
2755
2606
3668
3620
10
1854
2535
2837
353
4267
3461
1516
3515
42
1961
2263
440
63
2229
2
742
3470
3529
2787
793
2562
235
1215
865
2829
659
4577
2801
1124
4546
1556
3757
1277
1597
3213
3613
2266
4231
636
3394
1653
1110
3268
1352
566
97
29
4570
3418
1505
2699
1122
3070
3076
2146
3410
2183
4342
1006
3430
1068
3320
905
524
1325
480
395
1663
592
1716
433
1661
2206
3120
1630
166
88
4392
1286
3008
1050
1052
1531
694
3146
173
959
456
1078
4395
265
4296
2950
1453
2493
3885
982
2773
4815
59
768
1587
1298
874
1245
4898
4499
1751
2651
2833
3478
1090
950
2994
3686
609
2540
4819
2314
1681
1652
3167
1007
1605
1996
142
660
4137
3094
317
492
3363
2476
2632
2288
249
1440
3352
100
708
2974
3642
3996
83
543
4098
390
1105
930
1735
3513
76
161
2417
135
4822
2201
727
1544
1247
1146
1796
854
1490
80
3889
712
1313
2070
2326
1950
2264
2374
1752
1714
3792
3333
121
700
1890
2356
1296
733
863
1130
906
21
1588
1005
2342
1216
1299
3723
785
504
2929
2586
434
3445
836
1758
764
1394
399
1438
2414
780
285
2821
586
2073
182
473
3833
724
3015
845
2641
885
185
1083
3666
2422
937
4404
1942
206
2982
3557
4873
4283
1054
1079
984
1998
3251
3060
1856
1115
4871
4801
37
3765
811
2685
2758
802
2911
2526
2351
3672
2091
2885
169
2942
2434
1845
3622
507
4510
4155
24
1075
4662
1515
6
1345
2028
1753
978
1015
1076
3756
2534
1470
261
41
2527
1545
446
613
1072
1985
3242
601
114
3968
1798
3809
2498
2124
3117
986
2760
2738
1381
1482
1295
3484
2947
136
1341
1329
2495
268
3264
2538
2212
4022
1666
4288
272
1779
753
952
1389
3063
1540
1257
260
686
1004
20
4552
382
1697
167
608
4502
170
3755
90
2246
256
3693
4126
864
2966
4585
571
3462
4562
274
920
3591
2975
3679
1842
578
3855
948
538
4659
2003
4046
2777
2989
1672
987
22
471
2649
1487
429
736
445
1107
565
1974
3728
2753
3834
999
2233
470
3467
11
1098
2149
2497
287
4234
2661
3299
1169
455
3325
453
1132
2317
1703
3878
2848
226
630
2222
191
3599
2101
1741
383
4186
3344
43
2909
4532
139
2163
2190
2441
509
2162
2217
1236
1555
2232
4134
2177
1768
3356
2131
4140
392
1143
2262
229
855
2420
1073
674
70
4282
2735
3295
4527
3024
3409
2285
75
625
1106
2580
2859
2551
91
1293
3556
391
1770
3011
4319
2002
1511
2385
1436
4655
2370
3743
1235
379
2031
1116
1489
3829
611
4204
4680
2024
2995
189
1120
1546
1848
616
3853
642
654
1706
1904
1218
1390
2226
2662
420
3563
1826
3438
3296
2306
4255
3893
4410
4854
908
2865
1484
3053
4040
2397
2679
32
3676
844
4372
2409
178
2670
207
1220
2248
622
1160
665
824
3196
488
1271
329
436
1889
4332
2179
1485
316
220
1416
615
991
4534
2706
3721
1051
198
1787
4633
3558
2520
2269
4111
4269
4218
4232
553
535
2287
588
352
452
2060
4490
2952
147
2445
1147
1070
374
158
3712
1252
3009
2530
3802
988
1300
3468
678
1417
3442
1459
1154
1311
177
651
1133
1360
1503
4292
264
4409
1750
960
1439
3852
421
2640
772
308
4
1855
1315
898
2873
980
2095
805
112
4641
278
4215
2757
1172
3106
2043
2425
2107
164
1171
589
1906
776
1880
2593
2081
1194
321
557
704
153
3931
230
2067
255
1003
370
3312
4451
4107
1938
610
1561
574
880
1715
849
1346
288
814
4295
4212
60
4885
2574
4777
3606
819
466
2004
4030
2555
2103
698
26
2798
3644
4596
1831
869
1963
183
656
4367
2514
150
1353
4145
2872
3348
1994
3625
681
53
1424
140
1288
1992
887
3777
2709
3514
1818
3920
186
2334
216
4099
612
4638
914
745
3859
3366
739
961
377
2465
2899
751
438
3691
327
125
1268
4747
933
2835
46
2063
2636
3488
2157
3993
4390
508
1400
1534
3932
4496
4042
300
782
761
2074
388
729
3428
363
1135
923
3453
120
1387
1541
673
332
1966
3203
3969
555
386
3367
4470
2084
683
442
756
1537
314
495
3455
3211
3208
4545
2152
808
2086
1403
2789
2836
3399
2934
1031
1500
2195
1767
475
1191
67
748
3393
2839
115
600
2141
1640
1057
393
4654
2860
759
131
1292
119
606
2861
2834
797
1674
1178
1163
4456
4308
4123
2581
2545
1246
4350
4479
4769
3731
1182
1957
4015
351
1646
2008
1276
2353
3995
4202
1870
2461
1117
3943
4389
2745
2554
2677
299
3221
1853
734
2671
303
209
896
4178
3108
595
483
1048
1192
3481
199
3977
1435
511
924
132
2938
4149
663
1621
2192
3486
690
3909
954
3790
505
4238
847
1726
2688
339
398
2931
2642
2479
4575
2547
3403
514
1399
294
820
4592
837
1488
2920
3600
2552
817
1127
548
2301
4728
871
2364
3007
1009
1250
160
4070
3987
2747
1222
3661
943
1506
2571
174
1713
1882
561
4480
2284
1635
1253
1637
417
4810
2178
1899
3458
582
1302
107
1088
1636
3448
1334
1430
792
3284
2020
337
4112
568
2283
3999
919
657
2147
1232
3791
857
2643
540
1576
4542
4808
1080
2719
2723
342
2469
2521
1011
251
569
2000
406
783
152
4664
597
619
64
1337
1610
735
577
1776
2519
4343
523
237
2371
4089
3016
3037
4498
133
449
1808
897
2748
4720
2225
4541
3381
408
2583
3984
4266
222
4190
1951
1321
989
366
45
2408
38
3941
1108
1123
3882
437
1565
2365
859
266
463
4072
1254
113
2589
2664
350
4482
4300
1749
721
974
1463
850
3648
409
2483
3582
1282
1835
868
823
2360
138
2210
1462
2513
1617
2377
675
4830
710
650
3960
1618
258
915
297
2265
4630
2997
4077
1493
4263
2659
4786
2015
558
536
3560
2369
1993
519
689
279
876
4523
1643
534
1693
2025
2137
2991
1037
661
4287
1149
3916
215
270
843
3226
1066
2275
2665
3587
2621
939
2040
3273
1339
1943
2083
1684
4152
2875
1791
4573
2482
3285
945
520
2990
3602
224
2362
1203
963
1266
3198
883
276
2927
1692
201
334
1391
741
903
1456
525
4476
1523
640
1206
1138
1156
1373
3383
1529
1377
318
778
2443
3592
205
4691
271
2415
1670
484
1224
3813
1380
1759
1777
2400
1866
4031
918
3682
2036
2242
879
801
691
2905
2734
51
2456
1092
493
972
4133
4176
1310
3171
27
800
3027
620
2144
2114
380
3782
1917
1461
2376
3042
48
962
1304
2348
454
1811
1564
828
2329
4516
973
1464
1634
755
1062
39
3665
1170
829
61
1520
825
4011
4536
28
2402
3426
774
362
4667
544
891
3135
4724
3530
2794
4820
2090
1082
2421
290
1964
1955
2375
3775
3733
1949
181
462
1977
2221
3812
2310
2813
2720
403
210
3857
2171
773
4009
1155
4268
3624
248
1528
1177
36
1891
1710
1201
1140
1056
3215
301
286
116
105
1705
3838
743
257
2061
4074
3068
4714
2936
9
4121
2953
3681
3840
1972
280
2245
1983
522
1873
102
3136
587
243
4487
699
2893
3680
4439
4200
447
3183
141
3913
594
4398
1273
1396
4159
4770
1332
126
324
709
1552
3256
2707
143
2462
1953
2822
54
313
4366
2702
1126
367
1580
1437
1939
3865
2234
1175
1190
1614
542
426
3854
3632
1111
1844
218
31
331
3110
3640
1746
2389
976
2286
1131
289
496
861
3417
348
3579
997
202
432
803
3544
1129
779
1244
2189
1181
3040
3911
806
4604
2339
725
400
1026
333
1858
3082
1020
1887
3323
4565
110
1879
637
2799
2650
3713
2457
653
168
4857
1595
176
343
2746
402
4349
1398
3067
3415
1053
1483
1213
4690
559
4581
2449
104
4599
106
1700
1077
2577
4796
3542
2019
16
108
1924
767
2948
4210
3164
1765
747
1258
1881
3897
1613
4363
3935
985
3627
2881
2477
827
1287
501
2017
2235
1788
643
784
506
242
1645
4090
702
1102
4750
4832
3157
821
23
89
3238
4247
15
881
4220
2852
3906
1959
2806
1976
2253
346
154
5
4513
3143
1893
3062
2965
1112
4531
1603
277
66
1708
3103
2105
4617
4731
1173
247
3928
3423
1370
56
4242
1512
3495
810
4069
981
2978
4005
3124
144
1722
902
1331
1378
2956
2207
4369
3719
435
8
2231
1322
719
273
2007
2645
3345
4462
1790
3698
4734
1990
4551
4348
2435
18
44
2259
775
3427
3778
148
425
1221
2627
1498
25
423
1362
1413
3696
1539
1675
1475
3020
223
1401
3056
414
3321
1411
951
4505
358
1431
4446
2444
1208
957
469
490
4317
2196
1960
2700
1833
1673
760
781
714
4301
3522
1638
2154
4235
2123
4445
670
3578
234
2564
554
1024
860
2211
422
1575
516
2437
3058
1559
62
320
1233
2166
122
2542
3141
789
539
78
3545
2384
3278
900
3293
464
84
1358
4211
1081
1952
401
3038
2112
1896
4391
3818
117
2896
1514
2138
1481
195
94
4175
2255
3555
3216
2188
2169
3109
1010
124
3684
1283
527
245
1739
101
2429
766
1125
2273
1744
3752
549
3639
2925
965
1174
2391
1859
2423
72
1432
3550
296
73
292
826
1586
3202
74
494
4471
641
2159
443
1039
1402
192
3421
477
2053
990
2979
145
2209
4036
2203
551
3499
3232
790
4698
2046
4062
4037
3751
3129
2694
1306
1089
2291
3090
35
2098
19
4875
2576
644
1350
795
4304
1979
2504
2289
4189
4554
2556
2832
1980
2277
4785
1229
1344
787
668
1596
2759
1223
3862
338
302
3210
1328
2134
2771
4102
4312
1032
2741
2558
95
1467
4897
947
204
2165
